[
    111,
    156,
    49,
    25,
    158,
    170,
    20,
    253,
    219,
    249,
    95,
    67,
    101,
    245,
    98,
    118,
    15,
    198,
    62,
    170,
    37,
    7,
    46,
    90,
    122,
    181,
    5,
    68,
    91,
    6,
    227,
    43
]

[
    93,
    29,
    82,
    53,
    114,
    60,
    220,
    42,
    219,
    14,
    136,
    206,
    51,
    97,
    197,
    225,
    163,
    81,
    213,
    37,
    145,
    128,
    167,
    154,
    227,
    232,
    248,
    205,
    148,
    101,
    196,
    10
]

//TODO : get funds back